Reading features...
done!
Reading models.
Dynprog'ing...
Setting up HMM...
Adding word cactus0 as # 0
     adding state cactus0
     adding state cactus0
     adding state cactus0
Adding word cactus1 as # 1
     adding state cactus1
     adding state cactus1
     adding state cactus1
Adding word cactus2 as # 2
     adding state cactus2
     adding state cactus2
     adding state cactus2
Adding word cactus3 as # 3
     adding state cactus3
     adding state cactus3
     adding state cactus3
Adding word cactus4 as # 4
     adding state cactus4
     adding state cactus4
     adding state cactus4
Adding word cactus5 as # 5
     adding state cactus5
     adding state cactus5
     adding state cactus5
Adding word cactus6 as # 6
     adding state cactus6
     adding state cactus6
     adding state cactus6
Adding word cactus7 as # 7
     adding state cactus7
     adding state cactus7
     adding state cactus7
Adding word cactus8 as # 8
     adding state cactus8
     adding state cactus8
     adding state cactus8
Adding word cactus9 as # 9
     adding state cactus9
     adding state cactus9
     adding state cactus9
Adding word cactus10 as # 10
     adding state cactus10
     adding state cactus10
     adding state cactus10
Number of frames: 83679
Sorting models...
Processed: 10000 (11.9504 %)
Processed: 20000 (23.9009 %)
Processed: 30000 (35.8513 %)
Processed: 40000 (47.8017 %)
Processed: 50000 (59.7521 %)
Processed: 60000 (71.7026 %)
Processed: 70000 (83.653 %)
Processed: 80000 (95.6034 %)
REPORTING Traceback and Update
cactus7	NC_031969.f5.masked.mod: 204750 - 3479153	length: 3274403	(frames 1-2704 l=2703) 	score=62.9241
AUE7_A	ISA8_A	ISB3_A	IVE8_A	IZC5_A	JBD6_A	JUH9_A	JWG9_A	JWH2_A	JWH4_A	JWH6_A	KFD2_A	KHA7_A	LJC9_A
AUE7_A	-0.00	0.77	0.92	0.88	0.65	0.69	0.89	0.87	0.87	0.84	0.88	0.80	0.76	0.09
ISA8_A	0.77	-0.00	0.46	0.47	0.59	0.49	0.42	0.42	0.43	0.45	0.42	0.53	0.55	0.87
ISB3_A	0.92	0.46	-0.00	0.34	0.55	0.52	0.30	0.40	0.34	0.40	0.24	0.52	0.55	0.97
IVE8_A	0.88	0.47	0.34	-0.00	0.57	0.49	0.34	0.39	0.36	0.25	0.38	0.56	0.57	0.92
IZC5_A	0.65	0.59	0.55	0.57	-0.00	0.53	0.61	0.63	0.61	0.61	0.62	0.54	0.54	0.74
JBD6_A	0.69	0.49	0.52	0.49	0.53	-0.00	0.52	0.51	0.53	0.52	0.51	0.46	0.48	0.73
JUH9_A	0.89	0.42	0.30	0.34	0.61	0.52	-0.00	0.38	0.33	0.42	0.33	0.53	0.58	0.95
JWG9_A	0.87	0.42	0.40	0.39	0.63	0.51	0.38	-0.00	0.37	0.39	0.39	0.54	0.57	0.94
JWH2_A	0.87	0.43	0.34	0.36	0.61	0.53	0.33	0.37	-0.00	0.42	0.37	0.57	0.56	0.95
JWH4_A	0.84	0.45	0.40	0.25	0.61	0.52	0.42	0.39	0.42	-0.00	0.43	0.53	0.55	0.91
JWH6_A	0.88	0.42	0.24	0.38	0.62	0.51	0.33	0.39	0.37	0.43	-0.00	0.55	0.56	0.94
KFD2_A	0.80	0.53	0.52	0.56	0.54	0.46	0.53	0.54	0.57	0.53	0.55	-0.00	0.16	0.85
KHA7_A	0.76	0.55	0.55	0.57	0.54	0.48	0.58	0.57	0.56	0.55	0.56	0.16	-0.00	0.84
LJC9_A	0.09	0.87	0.97	0.92	0.74	0.73	0.95	0.94	0.95	0.91	0.94	0.85	0.84	-0.00
cactus4	NC_031969.f5.masked.mod: 3481523 - 3581323	length: 99800	(frames 2705-2808 l=103) 	score=1692.5
AUE7_A	ISA8_A	ISB3_A	IVE8_A	IZC5_A	JBD6_A	JUH9_A	JWG9_A	JWH2_A	JWH4_A	JWH6_A	KFD2_A	KHA7_A	LJC9_A
AUE7_A	-0.00	1.14	0.92	1.26	0.63	0.58	1.10	1.19	1.46	1.44	1.31	0.60	0.61	0.04
ISA8_A	1.14	-0.00	0.02	0.05	0.88	0.80	0.12	0.04	0.18	0.17	0.13	1.08	1.03	1.15
ISB3_A	0.92	0.02	-0.00	0.06	0.78	0.69	0.13	0.04	0.17	0.14	0.09	1.03	1.00	0.96
IVE8_A	1.26	0.05	0.06	-0.00	0.73	0.79	0.16	0.06	0.13	0.11	0.14	1.05	0.94	1.23
IZC5_A	0.63	0.88	0.78	0.73	-0.00	0.39	0.69	0.78	0.77	0.73	0.73	0.69	0.69	0.73
JBD6_A	0.58	0.80	0.69	0.79	0.39	-0.00	0.78	0.65	0.81	0.92	0.83	0.57	0.43	0.64
JUH9_A	1.10	0.12	0.13	0.16	0.69	0.78	-0.00	0.09	0.13	0.20	0.20	1.21	1.06	1.17
JWG9_A	1.19	0.04	0.04	0.06	0.78	0.65	0.09	-0.00	0.06	0.10	0.09	1.07	1.10	1.15
JWH2_A	1.46	0.18	0.17	0.13	0.77	0.81	0.13	0.06	-0.00	0.11	0.16	1.29	1.25	1.24
JWH4_A	1.44	0.17	0.14	0.11	0.73	0.92	0.20	0.10	0.11	-0.00	0.04	1.12	1.10	1.33
JWH6_A	1.31	0.13	0.09	0.14	0.73	0.83	0.20	0.09	0.16	0.04	-0.00	1.04	0.93	1.16
KFD2_A	0.60	1.08	1.03	1.05	0.69	0.57	1.21	1.07	1.29	1.12	1.04	-0.00	0.02	1.02
KHA7_A	0.61	1.03	1.00	0.94	0.69	0.43	1.06	1.10	1.25	1.10	0.93	0.02	-0.00	0.84
LJC9_A	0.04	1.15	0.96	1.23	0.73	0.64	1.17	1.15	1.24	1.33	1.16	1.02	0.84	-0.00
cactus7	NC_031969.f5.masked.mod: 3590084 - 6158718	length: 2568634	(frames 2809-8397 l=5588) 	score=104.99
AUE7_A	ISA8_A	ISB3_A	IVE8_A	IZC5_A	JBD6_A	JUH9_A	JWG9_A	JWH2_A	JWH4_A	JWH6_A	KFD2_A	KHA7_A	LJC9_A
AUE7_A	-0.00	0.76	0.85	0.83	0.63	0.64	0.83	0.82	0.85	0.82	0.84	0.75	0.76	0.08
ISA8_A	0.76	-0.00	0.35	0.39	0.54	0.47	0.37	0.37	0.37	0.39	0.38	0.49	0.52	0.82
ISB3_A	0.85	0.35	-0.00	0.36	0.57	0.50	0.31	0.35	0.35	0.37	0.25	0.56	0.54	0.91
IVE8_A	0.83	0.39	0.36	-0.00	0.56	0.50	0.38	0.37	0.36	0.23	0.37	0.56	0.56	0.87
IZC5_A	0.63	0.54	0.57	0.56	-0.00	0.47	0.58	0.57	0.56	0.55	0.57	0.56	0.56	0.73
JBD6_A	0.64	0.47	0.50	0.50	0.47	-0.00	0.50	0.49	0.50	0.49	0.50	0.46	0.46	0.72
JUH9_A	0.83	0.37	0.31	0.38	0.58	0.50	-0.00	0.33	0.34	0.40	0.36	0.57	0.57	0.88
JWG9_A	0.82	0.37	0.35	0.37	0.57	0.49	0.33	-0.00	0.32	0.38	0.35	0.57	0.56	0.87
JWH2_A	0.85	0.37	0.35	0.36	0.56	0.50	0.34	0.32	-0.00	0.36	0.38	0.56	0.55	0.90
JWH4_A	0.82	0.39	0.37	0.23	0.55	0.49	0.40	0.38	0.36	-0.00	0.38	0.53	0.53	0.90
JWH6_A	0.84	0.38	0.25	0.37	0.57	0.50	0.36	0.35	0.38	0.38	-0.00	0.55	0.54	0.89
KFD2_A	0.75	0.49	0.56	0.56	0.56	0.46	0.57	0.57	0.56	0.53	0.55	-0.00	0.12	0.81
KHA7_A	0.76	0.52	0.54	0.56	0.56	0.46	0.57	0.56	0.55	0.53	0.54	0.12	-0.00	0.81
LJC9_A	0.08	0.82	0.91	0.87	0.73	0.72	0.88	0.87	0.90	0.90	0.89	0.81	0.81	-0.00
cactus4	NC_031969.f5.masked.mod: 6158744 - 6166115	length: 7371	(frames 8398-8429 l=31) 	score=18425
AUE7_A	ISA8_A	ISB3_A	IVE8_A	IZC5_A	JBD6_A	JUH9_A	JWG9_A	JWH2_A	JWH4_A	JWH6_A	KFD2_A	KHA7_A	LJC9_A
AUE7_A	-0.00	1.43	1.53	1.72	0.73	0.57	1.46	1.32	1.61	1.79	1.46	0.77	0.76	-0.00
ISA8_A	1.43	-0.00	0.41	0.43	0.61	0.58	0.27	0.22	0.22	0.33	0.23	0.57	0.78	1.19
ISB3_A	1.53	0.41	-0.00	0.05	0.53	0.65	-0.00	0.13	0.13	-0.00	-0.00	0.51	0.65	2.25
IVE8_A	1.72	0.43	0.05	-0.00	0.42	0.73	0.07	0.20	0.20	0.04	0.08	0.55	0.66	2.48
IZC5_A	0.73	0.61	0.53	0.42	-0.00	0.46	0.39	0.48	0.59	0.34	0.39	0.42	0.39	0.82
JBD6_A	0.57	0.58	0.65	0.73	0.46	-0.00	0.59	0.63	0.76	0.73	0.59	0.20	0.32	0.69
JUH9_A	1.46	0.27	-0.00	0.07	0.39	0.59	-0.00	0.11	0.11	0.04	-0.00	0.56	0.66	1.87
JWG9_A	1.32	0.22	0.13	0.20	0.48	0.63	0.11	-0.00	0.07	0.11	0.11	0.59	0.69	1.47
JWH2_A	1.61	0.22	0.13	0.20	0.59	0.76	0.11	0.07	-0.00	0.11	0.11	0.73	0.84	1.65
JWH4_A	1.79	0.33	-0.00	0.04	0.34	0.73	0.04	0.11	0.11	-0.00	0.04	0.66	0.73	2.16
JWH6_A	1.46	0.23	-0.00	0.08	0.39	0.59	-0.00	0.11	0.11	0.04	-0.00	0.52	0.63	1.83
KFD2_A	0.77	0.57	0.51	0.55	0.42	0.20	0.56	0.59	0.73	0.66	0.52	-0.00	0.04	0.82
KHA7_A	0.76	0.78	0.65	0.66	0.39	0.32	0.66	0.69	0.84	0.73	0.63	0.04	-0.00	0.82
LJC9_A	-0.00	1.19	2.25	2.48	0.82	0.69	1.87	1.47	1.65	2.16	1.83	0.82	0.82	-0.00
cactus5	NC_031969.f5.masked.mod: 6166197 - 6167838	length: 1641	(frames 8430-8438 l=8) 	score=65580.2
AUE7_A	ISA8_A	ISB3_A	IVE8_A	IZC5_A	JBD6_A	JUH9_A	JWG9_A	JWH2_A	JWH4_A	JWH6_A	KFD2_A	KHA7_A	LJC9_A
AUE7_A	-0.00	0.29	0.18	0.13	0.12	0.34	0.25	0.29	0.41	0.25	0.25	1.25	1.39	0.12
ISA8_A	0.29	-0.00	-0.00	-0.00	0.47	0.34	0.29	-0.00	0.13	-0.00	-0.00	1.79	1.95	0.13
ISB3_A	0.18	-0.00	-0.00	-0.00	0.41	0.51	0.41	-0.00	0.18	-0.00	-0.00	1.39	1.61	0.18
IVE8_A	0.13	-0.00	-0.00	-0.00	0.29	0.18	0.13	-0.00	0.13	-0.00	-0.00	1.95	2.08	-0.00
IZC5_A	0.12	0.47	0.41	0.29	-0.00	0.56	0.41	0.47	0.59	0.41	0.41	1.25	0.98	0.25
JBD6_A	0.34	0.34	0.51	0.18	0.56	-0.00	0.15	0.34	0.34	0.34	0.34	1.61	1.79	0.15
JUH9_A	0.25	0.29	0.41	0.13	0.41	0.15	-0.00	0.29	0.12	0.25	0.25	1.95	2.08	0.12
JWG9_A	0.29	-0.00	-0.00	-0.00	0.47	0.34	0.29	-0.00	0.13	-0.00	-0.00	1.79	1.95	0.13
JWH2_A	0.41	0.13	0.18	0.13	0.59	0.34	0.12	0.13	-0.00	0.12	0.12	1.95	2.08	0.25
JWH4_A	0.25	-0.00	-0.00	-0.00	0.41	0.34	0.25	-0.00	0.12	-0.00	-0.00	1.95	2.08	0.12
JWH6_A	0.25	-0.00	-0.00	-0.00	0.41	0.34	0.25	-0.00	0.12	-0.00	-0.00	1.95	2.08	0.12
KFD2_A	1.25	1.79	1.39	1.95	1.25	1.61	1.95	1.79	1.95	1.95	1.95	-0.00	-0.00	1.95
KHA7_A	1.39	1.95	1.61	2.08	0.98	1.79	2.08	1.95	2.08	2.08	2.08	-0.00	-0.00	2.08
LJC9_A	0.12	0.13	0.18	-0.00	0.25	0.15	0.12	0.13	0.25	0.12	0.12	1.95	2.08	-0.00
cactus6	NC_031969.f5.masked.mod: 6167956 - 6182408	length: 14452	(frames 8439-8507 l=68) 	score=8637.73
AUE7_A	ISA8_A	ISB3_A	IVE8_A	IZC5_A	JBD6_A	JUH9_A	JWG9_A	JWH2_A	JWH4_A	JWH6_A	KFD2_A	KHA7_A	LJC9_A
AUE7_A	-0.00	0.85	0.85	0.82	0.54	0.74	1.10	0.93	0.85	1.08	1.05	0.53	0.65	0.12
ISA8_A	0.85	-0.00	0.23	0.37	0.58	0.67	0.40	0.24	0.21	0.53	0.30	0.72	0.61	1.39
ISB3_A	0.85	0.23	-0.00	0.35	0.57	0.43	0.27	0.28	0.30	0.30	0.27	0.75	0.69	1.04
IVE8_A	0.82	0.37	0.35	-0.00	0.60	0.45	0.42	0.42	0.34	0.33	0.24	0.50	0.54	1.10
IZC5_A	0.54	0.58	0.57	0.60	-0.00	0.42	0.59	0.42	0.45	0.48	0.54	0.44	0.35	0.72
JBD6_A	0.74	0.67	0.43	0.45	0.42	-0.00	0.59	0.65	0.54	0.52	0.52	0.45	0.48	0.80
JUH9_A	1.10	0.40	0.27	0.42	0.59	0.59	-0.00	0.14	0.34	0.42	0.23	0.69	0.61	1.12
JWG9_A	0.93	0.24	0.28	0.42	0.42	0.65	0.14	-0.00	0.21	0.44	0.24	0.64	0.52	1.15
JWH2_A	0.85	0.21	0.30	0.34	0.45	0.54	0.34	0.21	-0.00	0.33	0.28	0.63	0.50	1.08
JWH4_A	1.08	0.53	0.30	0.33	0.48	0.52	0.42	0.44	0.33	-0.00	0.41	0.61	0.51	1.28
JWH6_A	1.05	0.30	0.27	0.24	0.54	0.52	0.23	0.24	0.28	0.41	-0.00	0.67	0.67	1.24
KFD2_A	0.53	0.72	0.75	0.50	0.44	0.45	0.69	0.64	0.63	0.61	0.67	-0.00	0.06	0.66
KHA7_A	0.65	0.61	0.69	0.54	0.35	0.48	0.61	0.52	0.50	0.51	0.67	0.06	-0.00	0.76
LJC9_A	0.12	1.39	1.04	1.10	0.72	0.80	1.12	1.15	1.08	1.28	1.24	0.66	0.76	-0.00
cactus5	NC_031969.f5.masked.mod: 6182675 - 6188272	length: 5597	(frames 8508-8523 l=15) 	score=37313
AUE7_A	ISA8_A	ISB3_A	IVE8_A	IZC5_A	JBD6_A	JUH9_A	JWG9_A	JWH2_A	JWH4_A	JWH6_A	KFD2_A	KHA7_A	LJC9_A
AUE7_A	-0.00	0.20	0.25	-0.00	0.41	0.10	0.36	0.44	0.77	0.62	0.26	1.70	2.40	-0.00
ISA8_A	0.20	-0.00	-0.00	0.15	0.10	0.12	0.12	0.20	0.36	0.59	0.32	2.20	2.20	0.25
ISB3_A	0.25	-0.00	-0.00	0.15	0.12	0.15	0.13	0.12	0.29	0.56	0.25	1.95	1.95	0.34
IVE8_A	-0.00	0.15	0.15	-0.00	0.29	-0.00	0.41	0.47	0.85	0.51	0.34	1.61	1.61	-0.00
IZC5_A	0.41	0.10	0.12	0.29	-0.00	0.32	0.22	0.51	0.56	0.96	0.26	1.01	1.30	0.61
JBD6_A	0.10	0.12	0.15	-0.00	0.32	-0.00	0.29	0.36	0.51	0.59	0.36	2.20	2.20	0.12
JUH9_A	0.36	0.12	0.13	0.41	0.22	0.29	-0.00	-0.00	0.11	0.41	0.22	1.39	2.08	0.29
JWG9_A	0.44	0.20	0.12	0.47	0.51	0.36	-0.00	-0.00	0.17	0.41	0.26	1.20	1.61	0.36
JWH2_A	0.77	0.36	0.29	0.85	0.56	0.51	0.11	0.17	-0.00	0.29	0.41	0.92	1.20	0.69
JWH4_A	0.62	0.59	0.56	0.51	0.96	0.59	0.41	0.41	0.29	-0.00	0.32	1.50	1.10	0.51
JWH6_A	0.26	0.32	0.25	0.34	0.26	0.36	0.22	0.26	0.41	0.32	-0.00	0.92	1.20	0.36
KFD2_A	1.70	2.20	1.95	1.61	1.01	2.20	1.39	1.20	0.92	1.50	0.92	-0.00	0.10	1.50
KHA7_A	2.40	2.20	1.95	1.61	1.30	2.20	2.08	1.61	1.20	1.10	1.20	0.10	-0.00	2.20
LJC9_A	-0.00	0.25	0.34	-0.00	0.61	0.12	0.29	0.36	0.69	0.51	0.36	1.50	2.20	-0.00
cactus6	NC_031969.f5.masked.mod: 6188325 - 6291684	length: 103359	(frames 8524-8787 l=263) 	score=2339.41
AUE7_A	ISA8_A	ISB3_A	IVE8_A	IZC5_A	JBD6_A	JUH9_A	JWG9_A	JWH2_A	JWH4_A	JWH6_A	KFD2_A	KHA7_A	LJC9_A
AUE7_A	-0.00	0.98	1.01	0.87	0.60	0.62	1.05	0.96	0.92	0.77	0.87	0.68	0.79	0.06
ISA8_A	0.98	-0.00	0.26	0.29	0.54	0.44	0.35	0.34	0.28	0.37	0.30	0.43	0.50	1.10
ISB3_A	1.01	0.26	-0.00	0.26	0.62	0.45	0.23	0.29	0.28	0.47	0.12	0.65	0.63	1.24
IVE8_A	0.87	0.29	0.26	-0.00	0.68	0.54	0.31	0.27	0.37	0.23	0.27	0.50	0.52	1.10
IZC5_A	0.60	0.54	0.62	0.68	-0.00	0.33	0.66	0.72	0.67	0.59	0.68	0.52	0.55	0.68
JBD6_A	0.62	0.44	0.45	0.54	0.33	-0.00	0.55	0.65	0.50	0.62	0.56	0.55	0.46	0.69
JUH9_A	1.05	0.35	0.23	0.31	0.66	0.55	-0.00	0.33	0.29	0.44	0.31	0.59	0.62	1.32
JWG9_A	0.96	0.34	0.29	0.27	0.72	0.65	0.33	-0.00	0.34	0.31	0.33	0.60	0.59	1.19
JWH2_A	0.92	0.28	0.28	0.37	0.67	0.50	0.29	0.34	-0.00	0.45	0.26	0.53	0.59	1.13
JWH4_A	0.77	0.37	0.47	0.23	0.59	0.62	0.44	0.31	0.45	-0.00	0.43	0.51	0.60	0.96
JWH6_A	0.87	0.30	0.12	0.27	0.68	0.56	0.31	0.33	0.26	0.43	-0.00	0.55	0.60	1.07
KFD2_A	0.68	0.43	0.65	0.50	0.52	0.55	0.59	0.60	0.53	0.51	0.55	-0.00	0.11	0.84
KHA7_A	0.79	0.50	0.63	0.52	0.55	0.46	0.62	0.59	0.59	0.60	0.60	0.11	-0.00	0.93
LJC9_A	0.06	1.10	1.24	1.10	0.68	0.69	1.32	1.19	1.13	0.96	1.07	0.84	0.93	-0.00
cactus5	NC_031969.f5.masked.mod: 6292447 - 6294554	length: 2107	(frames 8788-8792 l=4) 	score=123573
AUE7_A	ISA8_A	ISB3_A	IVE8_A	IZC5_A	JBD6_A	JUH9_A	JWG9_A	JWH2_A	JWH4_A	JWH6_A	KFD2_A	KHA7_A	LJC9_A
AUE7_A	-0.00	-0.00	-0.00	-0.00	-0.00	0.69	-0.00	-0.00	-0.00	-0.00	-0.00	1.10	0.69	-0.00
ISA8_A	-0.00	-0.00	-0.00	-0.00	-0.00	1.10	-0.00	-0.00	-0.00	-0.00	-0.00	1.10	0.69	-0.00
ISB3_A	-0.00	-0.00	-0.00	-0.00	-0.00	0.69	-0.00	-0.00	-0.00	-0.00	-0.00	1.10	0.69	-0.00
IVE8_A	-0.00	-0.00	-0.00	-0.00	-0.00	0.69	-0.00	-0.00	-0.00	-0.00	-0.00	1.10	0.69	-0.00
IZC5_A	-0.00	-0.00	-0.00	-0.00	-0.00	1.10	0.29	0.29	-0.00	-0.00	0.29	1.39	0.69	-0.00
JBD6_A	0.69	1.10	0.69	0.69	1.10	-0.00	1.10	1.10	1.10	1.10	1.10	0.41	0.69	0.69
JUH9_A	-0.00	-0.00	-0.00	-0.00	0.29	1.10	-0.00	-0.00	-0.00	-0.00	-0.00	1.61	1.10	-0.00
JWG9_A	-0.00	-0.00	-0.00	-0.00	0.29	1.10	-0.00	-0.00	-0.00	-0.00	-0.00	1.61	1.10	-0.00
JWH2_A	-0.00	-0.00	-0.00	-0.00	-0.00	1.10	-0.00	-0.00	-0.00	-0.00	-0.00	1.39	1.10	-0.00
JWH4_A	-0.00	-0.00	-0.00	-0.00	-0.00	1.10	-0.00	-0.00	-0.00	-0.00	-0.00	1.39	1.10	-0.00
JWH6_A	-0.00	-0.00	-0.00	-0.00	0.29	1.10	-0.00	-0.00	-0.00	-0.00	-0.00	1.61	1.10	-0.00
KFD2_A	1.10	1.10	1.10	1.10	1.39	0.41	1.61	1.61	1.39	1.39	1.61	-0.00	-0.00	0.69
KHA7_A	0.69	0.69	0.69	0.69	0.69	0.69	1.10	1.10	1.10	1.10	1.10	-0.00	-0.00	0.00
LJC9_A	-0.00	-0.00	-0.00	-0.00	-0.00	0.69	-0.00	-0.00	-0.00	-0.00	-0.00	0.69	0.00	-0.00
cactus4	NC_031969.f5.masked.mod: 6294879 - 6356608	length: 61729	(frames 8793-8892 l=99) 	score=6250.22
AUE7_A	ISA8_A	ISB3_A	IVE8_A	IZC5_A	JBD6_A	JUH9_A	JWG9_A	JWH2_A	JWH4_A	JWH6_A	KFD2_A	KHA7_A	LJC9_A
AUE7_A	-0.00	1.12	1.19	1.00	0.56	0.63	0.99	1.35	1.15	1.06	1.06	1.05	1.02	0.04
ISA8_A	1.12	-0.00	0.20	0.22	0.59	0.48	0.13	0.25	0.21	0.18	0.16	0.91	0.85	1.22
ISB3_A	1.19	0.20	-0.00	0.07	0.68	0.52	0.15	0.05	0.18	0.17	0.11	0.77	0.74	1.19
IVE8_A	1.00	0.22	0.07	-0.00	0.50	0.45	0.15	0.09	0.14	0.13	0.11	0.66	0.56	1.19
IZC5_A	0.56	0.59	0.68	0.50	-0.00	0.31	0.54	0.65	0.57	0.56	0.64	0.49	0.53	0.75
JBD6_A	0.63	0.48	0.52	0.45	0.31	-0.00	0.35	0.53	0.48	0.41	0.51	0.58	0.48	0.71
JUH9_A	0.99	0.13	0.15	0.15	0.54	0.35	-0.00	0.15	0.10	0.13	0.13	0.83	0.75	1.11
JWG9_A	1.35	0.25	0.05	0.09	0.65	0.53	0.15	-0.00	0.17	0.12	0.14	0.73	0.68	1.36
JWH2_A	1.15	0.21	0.18	0.14	0.57	0.48	0.10	0.17	-0.00	0.11	0.16	0.87	0.65	1.32
JWH4_A	1.06	0.18	0.17	0.13	0.56	0.41	0.13	0.12	0.11	-0.00	0.16	0.75	0.66	1.08
JWH6_A	1.06	0.16	0.11	0.11	0.64	0.51	0.13	0.14	0.16	0.16	-0.00	0.94	0.75	1.20
KFD2_A	1.05	0.91	0.77	0.66	0.49	0.58	0.83	0.73	0.87	0.75	0.94	-0.00	-0.00	0.92
KHA7_A	1.02	0.85	0.74	0.56	0.53	0.48	0.75	0.68	0.65	0.66	0.75	-0.00	-0.00	0.91
LJC9_A	0.04	1.22	1.19	1.19	0.75	0.71	1.11	1.36	1.32	1.08	1.20	0.92	0.91	-0.00
cactus7	NC_031969.f5.masked.mod: 6357841 - 6656898	length: 299057	(frames 8893-8972 l=79) 	score=7892.11
AUE7_A	ISA8_A	ISB3_A	IVE8_A	IZC5_A	JBD6_A	JUH9_A	JWG9_A	JWH2_A	JWH4_A	JWH6_A	KFD2_A	KHA7_A	LJC9_A
AUE7_A	-0.00	0.51	0.59	0.66	0.35	0.69	0.97	0.74	0.83	0.79	0.72	0.81	0.83	0.08
ISA8_A	0.51	-0.00	0.37	0.26	0.42	0.34	0.43	0.37	0.40	0.43	0.40	0.67	0.65	0.59
ISB3_A	0.59	0.37	-0.00	0.24	0.56	0.34	0.43	0.37	0.20	0.39	0.35	0.62	0.65	0.58
IVE8_A	0.66	0.26	0.24	-0.00	0.44	0.29	0.32	0.44	0.24	0.25	0.33	0.62	0.59	0.74
IZC5_A	0.35	0.42	0.56	0.44	-0.00	0.33	0.68	0.56	0.58	0.61	0.58	0.65	0.37	0.48
JBD6_A	0.69	0.34	0.34	0.29	0.33	-0.00	0.52	0.47	0.41	0.44	0.52	0.36	0.30	0.77
JUH9_A	0.97	0.43	0.43	0.32	0.68	0.52	-0.00	0.37	0.44	0.27	0.25	0.69	0.90	1.12
JWG9_A	0.74	0.37	0.37	0.44	0.56	0.47	0.37	-0.00	0.39	0.36	0.32	0.80	0.80	0.88
JWH2_A	0.83	0.40	0.20	0.24	0.58	0.41	0.44	0.39	-0.00	0.41	0.38	0.69	0.56	0.80
JWH4_A	0.79	0.43	0.39	0.25	0.61	0.44	0.27	0.36	0.41	-0.00	0.21	0.67	0.93	0.95
JWH6_A	0.72	0.40	0.35	0.33	0.58	0.52	0.25	0.32	0.38	0.21	-0.00	0.77	1.01	1.00
KFD2_A	0.81	0.67	0.62	0.62	0.65	0.36	0.69	0.80	0.69	0.67	0.77	-0.00	0.06	0.93
KHA7_A	0.83	0.65	0.65	0.59	0.37	0.30	0.90	0.80	0.56	0.93	1.01	0.06	-0.00	0.86
LJC9_A	0.08	0.59	0.58	0.74	0.48	0.77	1.12	0.88	0.80	0.95	1.00	0.93	0.86	-0.00
cactus5	NC_031969.f5.masked.mod: 6658090 - 6663515	length: 5425	(frames 8973-8982 l=9) 	score=63221.7
AUE7_A	ISA8_A	ISB3_A	IVE8_A	IZC5_A	JBD6_A	JUH9_A	JWG9_A	JWH2_A	JWH4_A	JWH6_A	KFD2_A	KHA7_A	LJC9_A
AUE7_A	-0.00	0.36	0.51	0.51	0.22	0.41	0.41	0.41	0.22	0.51	0.51	0.92	0.92	0.22
ISA8_A	0.36	-0.00	0.36	0.36	0.11	-0.00	0.12	0.41	0.36	0.36	0.36	1.20	1.20	0.51
ISB3_A	0.51	0.36	-0.00	-0.00	0.51	0.41	0.25	0.12	0.22	-0.00	-0.00	2.30	2.30	0.51
IVE8_A	0.51	0.36	-0.00	-0.00	0.51	0.41	0.25	0.12	0.22	-0.00	-0.00	2.30	2.30	0.51
IZC5_A	0.22	0.11	0.51	0.51	-0.00	0.12	0.12	0.59	0.51	0.51	0.51	0.92	0.92	0.22
JBD6_A	0.41	-0.00	0.41	0.41	0.12	-0.00	0.13	0.47	0.41	0.41	0.41	1.10	1.10	0.69
JUH9_A	0.41	0.12	0.25	0.25	0.12	0.13	-0.00	0.29	0.25	0.25	0.25	1.50	1.50	-0.00
JWG9_A	0.41	0.41	0.12	0.12	0.59	0.47	0.29	-0.00	0.12	0.12	0.12	2.20	2.20	0.51
JWH2_A	0.22	0.36	0.22	0.22	0.51	0.41	0.25	0.12	-0.00	0.22	0.22	1.61	1.61	0.22
JWH4_A	0.51	0.36	-0.00	-0.00	0.51	0.41	0.25	0.12	0.22	-0.00	-0.00	2.30	2.30	0.51
JWH6_A	0.51	0.36	-0.00	-0.00	0.51	0.41	0.25	0.12	0.22	-0.00	-0.00	2.30	2.30	0.51
KFD2_A	0.92	1.20	2.30	2.30	0.92	1.10	1.50	2.20	1.61	2.30	2.30	-0.00	-0.00	0.92
KHA7_A	0.92	1.20	2.30	2.30	0.92	1.10	1.50	2.20	1.61	2.30	2.30	-0.00	-0.00	0.92
LJC9_A	0.22	0.51	0.51	0.51	0.22	0.69	-0.00	0.51	0.22	0.51	0.51	0.92	0.92	-0.00
cactus3	NC_031969.f5.masked.mod: 6663603 - 7524550	length: 860947	(frames 8983-12145 l=3162) 	score=275.674
AUE7_A	ISA8_A	ISB3_A	IVE8_A	IZC5_A	JBD6_A	JUH9_A	JWG9_A	JWH2_A	JWH4_A	JWH6_A	KFD2_A	KHA7_A	LJC9_A
AUE7_A	-0.00	0.98	1.07	1.05	0.59	0.88	1.02	1.04	1.08	1.01	1.05	0.94	0.95	0.07
ISA8_A	0.98	-0.00	0.28	0.34	0.51	0.38	0.32	0.29	0.29	0.32	0.29	0.42	0.42	1.08
ISB3_A	1.07	0.28	-0.00	0.26	0.50	0.36	0.24	0.27	0.28	0.31	0.18	0.42	0.45	1.13
IVE8_A	1.05	0.34	0.26	-0.00	0.52	0.39	0.28	0.28	0.27	0.20	0.29	0.44	0.43	1.14
IZC5_A	0.59	0.51	0.50	0.52	-0.00	0.47	0.53	0.52	0.55	0.54	0.53	0.50	0.52	0.71
JBD6_A	0.88	0.38	0.36	0.39	0.47	-0.00	0.38	0.39	0.37	0.41	0.38	0.39	0.37	0.98
JUH9_A	1.02	0.32	0.24	0.28	0.53	0.38	-0.00	0.27	0.28	0.29	0.27	0.44	0.44	1.08
JWG9_A	1.04	0.29	0.27	0.28	0.52	0.39	0.27	-0.00	0.27	0.30	0.29	0.45	0.43	1.11
JWH2_A	1.08	0.29	0.28	0.27	0.55	0.37	0.28	0.27	-0.00	0.28	0.31	0.46	0.44	1.15
JWH4_A	1.01	0.32	0.31	0.20	0.54	0.41	0.29	0.30	0.28	-0.00	0.30	0.45	0.41	1.08
JWH6_A	1.05	0.29	0.18	0.29	0.53	0.38	0.27	0.29	0.31	0.30	-0.00	0.43	0.45	1.11
KFD2_A	0.94	0.42	0.42	0.44	0.50	0.39	0.44	0.45	0.46	0.45	0.43	-0.00	0.12	1.04
KHA7_A	0.95	0.42	0.45	0.43	0.52	0.37	0.44	0.43	0.44	0.41	0.45	0.12	-0.00	1.02
LJC9_A	0.07	1.08	1.13	1.14	0.71	0.98	1.08	1.11	1.15	1.08	1.11	1.04	1.02	-0.00
cactus5	NC_031969.f5.masked.mod: 7525481 - 7525557	length: 76	(frames 12146-12149 l=3) 	score=218057
AUE7_A	ISA8_A	ISB3_A	IVE8_A	IZC5_A	JBD6_A	JUH9_A	JWG9_A	JWH2_A	JWH4_A	JWH6_A	KFD2_A	KHA7_A	LJC9_A
AUE7_A	-0.00	0.29	-0.00	-0.00	-0.00	-0.00	0.29	0.29	-0.00	0.29	-0.00	1.10	1.10	-0.00
ISA8_A	0.29	-0.00	0.41	0.29	0.41	0.29	-0.00	-0.00	0.29	-0.00	0.29	1.10	1.10	-0.00
ISB3_A	-0.00	0.41	-0.00	-0.00	-0.00	-0.00	0.41	0.41	-0.00	0.41	-0.00	0.69	0.69	-0.00
IVE8_A	-0.00	0.29	-0.00	-0.00	-0.00	-0.00	0.29	0.29	-0.00	0.29	-0.00	1.10	1.10	-0.00
IZC5_A	-0.00	0.41	-0.00	-0.00	-0.00	-0.00	0.41	0.41	-0.00	0.41	-0.00	0.69	0.69	-0.00
JBD6_A	-0.00	0.29	-0.00	-0.00	-0.00	-0.00	0.29	0.29	-0.00	0.29	-0.00	1.10	1.10	-0.00
JUH9_A	0.29	-0.00	0.41	0.29	0.41	0.29	-0.00	-0.00	0.29	-0.00	0.29	1.10	1.10	-0.00
JWG9_A	0.29	-0.00	0.41	0.29	0.41	0.29	-0.00	-0.00	0.29	-0.00	0.29	1.10	1.10	-0.00
JWH2_A	-0.00	0.29	-0.00	-0.00	-0.00	-0.00	0.29	0.29	-0.00	0.29	-0.00	1.10	1.10	-0.00
JWH4_A	0.29	-0.00	0.41	0.29	0.41	0.29	-0.00	-0.00	0.29	-0.00	0.29	1.10	1.10	-0.00
JWH6_A	-0.00	0.29	-0.00	-0.00	-0.00	-0.00	0.29	0.29	-0.00	0.29	-0.00	1.10	1.10	-0.00
KFD2_A	1.10	1.10	0.69	1.10	0.69	1.10	1.10	1.10	1.10	1.10	1.10	-0.00	-0.00	1.10
KHA7_A	1.10	1.10	0.69	1.10	0.69	1.10	1.10	1.10	1.10	1.10	1.10	-0.00	-0.00	1.10
LJC9_A	-0.00	-0.00	-0.00	-0.00	-0.00	-0.00	-0.00	-0.00	-0.00	-0.00	-0.00	1.10	1.10	-0.00
cactus0	NC_031969.f5.masked.mod: 7525916 - 7741342	length: 215426	(frames 12150-12920 l=770) 	score=1213.9
AUE7_A	ISA8_A	ISB3_A	IVE8_A	IZC5_A	JBD6_A	JUH9_A	JWG9_A	JWH2_A	JWH4_A	JWH6_A	KFD2_A	KHA7_A	LJC9_A
AUE7_A	-0.00	0.83	0.88	0.86	0.56	0.79	0.81	0.87	0.80	0.86	0.90	0.88	0.88	0.08
ISA8_A	0.83	-0.00	0.25	0.37	0.48	0.42	0.32	0.32	0.32	0.33	0.32	0.57	0.55	0.94
ISB3_A	0.88	0.25	-0.00	0.38	0.47	0.48	0.25	0.28	0.29	0.36	0.25	0.53	0.52	0.97
IVE8_A	0.86	0.37	0.38	-0.00	0.44	0.38	0.32	0.31	0.27	0.17	0.31	0.52	0.50	0.92
IZC5_A	0.56	0.48	0.47	0.44	-0.00	0.45	0.50	0.51	0.47	0.44	0.55	0.53	0.54	0.69
JBD6_A	0.79	0.42	0.48	0.38	0.45	-0.00	0.45	0.39	0.38	0.39	0.47	0.46	0.46	0.89
JUH9_A	0.81	0.32	0.25	0.32	0.50	0.45	-0.00	0.31	0.29	0.33	0.33	0.60	0.56	0.90
JWG9_A	0.87	0.32	0.28	0.31	0.51	0.39	0.31	-0.00	0.31	0.34	0.34	0.56	0.53	0.95
JWH2_A	0.80	0.32	0.29	0.27	0.47	0.38	0.29	0.31	-0.00	0.27	0.36	0.53	0.54	0.91
JWH4_A	0.86	0.33	0.36	0.17	0.44	0.39	0.33	0.34	0.27	-0.00	0.31	0.53	0.56	0.97
JWH6_A	0.90	0.32	0.25	0.31	0.55	0.47	0.33	0.34	0.36	0.31	-0.00	0.55	0.53	1.01
KFD2_A	0.88	0.57	0.53	0.52	0.53	0.46	0.60	0.56	0.53	0.53	0.55	-0.00	0.09	0.87
KHA7_A	0.88	0.55	0.52	0.50	0.54	0.46	0.56	0.53	0.54	0.56	0.53	0.09	-0.00	0.93
LJC9_A	0.08	0.94	0.97	0.92	0.69	0.89	0.90	0.95	0.91	0.97	1.01	0.87	0.93	-0.00
cactus5	NC_031969.f5.masked.mod: 7741348 - 7861229	length: 119881	(frames 12921-12929 l=8) 	score=104067
AUE7_A	ISA8_A	ISB3_A	IVE8_A	IZC5_A	JBD6_A	JUH9_A	JWG9_A	JWH2_A	JWH4_A	JWH6_A	KFD2_A	KHA7_A	LJC9_A
AUE7_A	-0.00	0.15	-0.00	0.15	0.29	-0.00	0.22	0.41	-0.00	0.69	0.34	1.95	1.25	-0.00
ISA8_A	0.15	-0.00	0.34	0.47	0.29	-0.00	0.85	0.47	0.29	0.56	0.12	2.08	2.08	0.15
ISB3_A	-0.00	0.34	-0.00	0.18	0.41	-0.00	0.18	1.10	-0.00	0.92	0.56	1.79	0.69	-0.00
IVE8_A	0.15	0.47	0.18	-0.00	0.29	0.29	0.41	0.34	0.15	0.34	0.69	1.39	0.69	0.15
IZC5_A	0.29	0.29	0.41	0.29	-0.00	0.41	0.69	0.29	0.29	0.69	0.29	1.39	1.39	0.29
JBD6_A	-0.00	-0.00	-0.00	0.29	0.41	-0.00	0.41	0.29	-0.00	0.69	-0.00	1.39	1.39	-0.00
JUH9_A	0.22	0.85	0.18	0.41	0.69	0.41	-0.00	1.10	0.41	1.61	1.25	1.10	0.41	0.22
JWG9_A	0.41	0.47	1.10	0.34	0.29	0.29	1.10	-0.00	0.56	0.41	0.29	1.25	1.95	0.41
JWH2_A	-0.00	0.29	-0.00	0.15	0.29	-0.00	0.41	0.56	-0.00	0.56	0.29	1.95	1.25	-0.00
JWH4_A	0.69	0.56	0.92	0.34	0.69	0.69	1.61	0.41	0.56	-0.00	0.56	0.85	0.85	0.69
JWH6_A	0.34	0.12	0.56	0.69	0.29	-0.00	1.25	0.29	0.29	0.56	-0.00	2.08	2.08	0.34
KFD2_A	1.95	2.08	1.79	1.39	1.39	1.39	1.10	1.25	1.95	0.85	2.08	-0.00	0.29	1.95
KHA7_A	1.25	2.08	0.69	0.69	1.39	1.39	0.41	1.95	1.25	0.85	2.08	0.29	-0.00	1.25
LJC9_A	-0.00	0.15	-0.00	0.15	0.29	-0.00	0.22	0.41	-0.00	0.69	0.34	1.95	1.25	-0.00
cactus7	NC_031969.f5.masked.mod: 7861490 - 8786047	length: 924557	(frames 12930-16338 l=3408) 	score=358.963
AUE7_A	ISA8_A	ISB3_A	IVE8_A	IZC5_A	JBD6_A	JUH9_A	JWG9_A	JWH2_A	JWH4_A	JWH6_A	KFD2_A	KHA7_A	LJC9_A
AUE7_A	-0.00	0.80	0.85	0.85	0.60	0.67	0.86	0.86	0.85	0.82	0.86	0.80	0.78	0.08
ISA8_A	0.80	-0.00	0.34	0.36	0.50	0.46	0.36	0.30	0.37	0.37	0.35	0.54	0.53	0.87
ISB3_A	0.85	0.34	-0.00	0.32	0.51	0.47	0.25	0.30	0.30	0.34	0.26	0.56	0.57	0.94
IVE8_A	0.85	0.36	0.32	-0.00	0.51	0.47	0.33	0.33	0.31	0.23	0.32	0.55	0.55	0.94
IZC5_A	0.60	0.50	0.51	0.51	-0.00	0.42	0.55	0.51	0.52	0.53	0.51	0.53	0.58	0.71
JBD6_A	0.67	0.46	0.47	0.47	0.42	-0.00	0.47	0.46	0.46	0.47	0.46	0.48	0.47	0.75
JUH9_A	0.86	0.36	0.25	0.33	0.55	0.47	-0.00	0.31	0.31	0.35	0.31	0.58	0.57	0.94
JWG9_A	0.86	0.30	0.30	0.33	0.51	0.46	0.31	-0.00	0.31	0.36	0.32	0.55	0.55	0.91
JWH2_A	0.85	0.37	0.30	0.31	0.52	0.46	0.31	0.31	-0.00	0.31	0.31	0.53	0.53	0.93
JWH4_A	0.82	0.37	0.34	0.23	0.53	0.47	0.35	0.36	0.31	-0.00	0.33	0.54	0.54	0.91
JWH6_A	0.86	0.35	0.26	0.32	0.51	0.46	0.31	0.32	0.31	0.33	-0.00	0.56	0.58	0.93
KFD2_A	0.80	0.54	0.56	0.55	0.53	0.48	0.58	0.55	0.53	0.54	0.56	-0.00	0.11	0.87
KHA7_A	0.78	0.53	0.57	0.55	0.58	0.47	0.57	0.55	0.53	0.54	0.58	0.11	-0.00	0.89
LJC9_A	0.08	0.87	0.94	0.94	0.71	0.75	0.94	0.91	0.93	0.91	0.93	0.87	0.89	-0.00
cactus5	NC_031969.f5.masked.mod: 8786248 - 8790473	length: 4225	(frames 16339-16347 l=8) 	score=136027
AUE7_A	ISA8_A	ISB3_A	IVE8_A	IZC5_A	JBD6_A	JUH9_A	JWG9_A	JWH2_A	JWH4_A	JWH6_A	KFD2_A	KHA7_A	LJC9_A
AUE7_A	-0.00	0.22	0.69	1.10	-0.00	0.15	0.69	0.69	0.56	0.51	0.41	1.39	1.39	-0.00
ISA8_A	0.22	-0.00	-0.00	0.29	0.22	0.51	0.29	0.22	-0.00	-0.00	-0.00	1.39	1.10	-0.00
ISB3_A	0.69	-0.00	-0.00	-0.00	0.85	1.10	-0.00	-0.00	-0.00	-0.00	-0.00	1.39	1.39	-0.00
IVE8_A	1.10	0.29	-0.00	-0.00	1.25	1.10	-0.00	-0.00	0.15	0.18	0.22	1.39	1.10	0.41
IZC5_A	-0.00	0.22	0.85	1.25	-0.00	0.15	0.69	0.85	0.69	0.69	0.41	0.92	1.39	-0.00
JBD6_A	0.15	0.51	1.10	1.10	0.15	-0.00	0.92	0.85	0.98	0.69	0.85	0.69	0.51	0.29
JUH9_A	0.69	0.29	-0.00	-0.00	0.69	0.92	-0.00	0.22	0.22	0.22	0.22	1.10	1.10	0.41
JWG9_A	0.69	0.22	-0.00	-0.00	0.85	0.85	0.22	-0.00	0.29	0.34	0.41	1.61	1.61	0.29
JWH2_A	0.56	-0.00	-0.00	0.15	0.69	0.98	0.22	0.29	-0.00	-0.00	-0.00	1.61	1.61	-0.00
JWH4_A	0.51	-0.00	-0.00	0.18	0.69	0.69	0.22	0.34	-0.00	-0.00	-0.00	1.39	1.39	-0.00
JWH6_A	0.41	-0.00	-0.00	0.22	0.41	0.85	0.22	0.41	-0.00	-0.00	-0.00	1.39	1.39	-0.00
KFD2_A	1.39	1.39	1.39	1.39	0.92	0.69	1.10	1.61	1.61	1.39	1.39	-0.00	-0.00	1.39
KHA7_A	1.39	1.10	1.39	1.10	1.39	0.51	1.10	1.61	1.61	1.39	1.39	-0.00	-0.00	1.10
LJC9_A	-0.00	-0.00	-0.00	0.41	-0.00	0.29	0.41	0.29	-0.00	-0.00	-0.00	1.39	1.10	-0.00
cactus1	NC_031969.f5.masked.mod: 8790476 - 8814557	length: 24081	(frames 16348-16429 l=81) 	score=15009
AUE7_A	ISA8_A	ISB3_A	IVE8_A	IZC5_A	JBD6_A	JUH9_A	JWG9_A	JWH2_A	JWH4_A	JWH6_A	KFD2_A	KHA7_A	LJC9_A
AUE7_A	-0.00	1.42	1.35	1.78	0.67	1.06	1.32	1.34	1.27	1.39	1.50	1.13	1.42	0.04
ISA8_A	1.42	-0.00	0.20	0.12	0.68	0.43	0.26	0.20	0.25	0.27	0.21	0.41	0.49	1.53
ISB3_A	1.35	0.20	-0.00	0.18	0.66	0.45	0.19	0.18	0.24	0.21	0.15	0.33	0.38	1.25
IVE8_A	1.78	0.12	0.18	-0.00	0.77	0.37	0.19	0.19	0.17	0.19	0.18	0.35	0.31	1.79
IZC5_A	0.67	0.68	0.66	0.77	-0.00	0.65	0.68	0.65	0.67	0.88	0.68	0.65	0.69	0.90
JBD6_A	1.06	0.43	0.45	0.37	0.65	-0.00	0.39	0.28	0.40	0.39	0.32	0.34	0.30	1.03
JUH9_A	1.32	0.26	0.19	0.19	0.68	0.39	-0.00	0.20	0.20	0.19	0.14	0.33	0.37	1.32
JWG9_A	1.34	0.20	0.18	0.19	0.65	0.28	0.20	-0.00	0.15	0.29	0.16	0.37	0.41	1.20
JWH2_A	1.27	0.25	0.24	0.17	0.67	0.40	0.20	0.15	-0.00	0.21	0.17	0.29	0.30	1.35
JWH4_A	1.39	0.27	0.21	0.19	0.88	0.39	0.19	0.29	0.21	-0.00	0.15	0.24	0.25	1.41
JWH6_A	1.50	0.21	0.15	0.18	0.68	0.32	0.14	0.16	0.17	0.15	-0.00	0.27	0.28	1.53
KFD2_A	1.13	0.41	0.33	0.35	0.65	0.34	0.33	0.37	0.29	0.24	0.27	-0.00	0.09	1.22
KHA7_A	1.42	0.49	0.38	0.31	0.69	0.30	0.37	0.41	0.30	0.25	0.28	0.09	-0.00	1.43
LJC9_A	0.04	1.53	1.25	1.79	0.90	1.03	1.32	1.20	1.35	1.41	1.53	1.22	1.43	-0.00
cactus7	NC_031969.f5.masked.mod: 8815642 - 9551578	length: 735936	(frames 16430-19070 l=2640) 	score=548.224
AUE7_A	ISA8_A	ISB3_A	IVE8_A	IZC5_A	JBD6_A	JUH9_A	JWG9_A	JWH2_A	JWH4_A	JWH6_A	KFD2_A	KHA7_A	LJC9_A
AUE7_A	-0.00	0.83	0.87	0.89	0.60	0.66	0.86	0.85	0.85	0.85	0.86	0.79	0.81	0.08
ISA8_A	0.83	-0.00	0.32	0.37	0.50	0.42	0.34	0.33	0.37	0.38	0.36	0.55	0.56	0.92
ISB3_A	0.87	0.32	-0.00	0.34	0.52	0.46	0.25	0.31	0.31	0.37	0.26	0.58	0.60	0.97
IVE8_A	0.89	0.37	0.34	-0.00	0.49	0.48	0.32	0.33	0.34	0.26	0.37	0.54	0.56	0.98
IZC5_A	0.60	0.50	0.52	0.49	-0.00	0.41	0.50	0.49	0.50	0.50	0.53	0.49	0.53	0.73
JBD6_A	0.66	0.42	0.46	0.48	0.41	-0.00	0.47	0.45	0.48	0.48	0.49	0.44	0.45	0.79
JUH9_A	0.86	0.34	0.25	0.32	0.50	0.47	-0.00	0.29	0.31	0.36	0.33	0.56	0.57	0.96
JWG9_A	0.85	0.33	0.31	0.33	0.49	0.45	0.29	-0.00	0.31	0.37	0.34	0.57	0.57	0.93
JWH2_A	0.85	0.37	0.31	0.34	0.50	0.48	0.31	0.31	-0.00	0.33	0.35	0.55	0.57	0.95
JWH4_A	0.85	0.38	0.37	0.26	0.50	0.48	0.36	0.37	0.33	-0.00	0.37	0.54	0.57	0.97
JWH6_A	0.86	0.36	0.26	0.37	0.53	0.49	0.33	0.34	0.35	0.37	-0.00	0.59	0.59	0.99
KFD2_A	0.79	0.55	0.58	0.54	0.49	0.44	0.56	0.57	0.55	0.54	0.59	-0.00	0.12	0.89
KHA7_A	0.81	0.56	0.60	0.56	0.53	0.45	0.57	0.57	0.57	0.57	0.59	0.12	-0.00	0.91
LJC9_A	0.08	0.92	0.97	0.98	0.73	0.79	0.96	0.93	0.95	0.97	0.99	0.89	0.91	-0.00
cactus5	NC_031969.f5.masked.mod: 9551761 - 9560785	length: 9024	(frames 19071-19098 l=27) 	score=51789.8
AUE7_A	ISA8_A	ISB3_A	IVE8_A	IZC5_A	JBD6_A	JUH9_A	JWG9_A	JWH2_A	JWH4_A	JWH6_A	KFD2_A	KHA7_A	LJC9_A
AUE7_A	-0.00	0.53	0.53	0.45	0.34	0.43	0.49	0.34	0.39	0.65	0.47	0.80	1.10	-0.00
ISA8_A	0.53	-0.00	0.41	0.32	0.45	0.50	0.37	0.29	0.45	0.51	0.34	0.80	1.87	0.51
ISB3_A	0.53	0.41	-0.00	0.29	0.26	0.29	0.58	0.38	0.26	0.11	0.05	1.56	1.47	0.63
IVE8_A	0.45	0.32	0.29	-0.00	0.54	0.83	0.55	0.39	0.13	0.15	0.25	1.15	1.54	0.47
IZC5_A	0.34	0.45	0.26	0.54	-0.00	0.39	0.41	0.49	0.41	0.53	0.39	1.10	1.25	0.41
JBD6_A	0.43	0.50	0.29	0.83	0.39	-0.00	0.69	0.45	0.69	0.45	0.41	0.75	1.03	0.69
JUH9_A	0.49	0.37	0.58	0.55	0.41	0.69	-0.00	0.64	0.31	0.75	0.59	0.92	1.39	0.54
JWG9_A	0.34	0.29	0.38	0.39	0.49	0.45	0.64	-0.00	0.30	0.43	0.33	1.25	1.03	0.37
JWH2_A	0.39	0.45	0.26	0.13	0.41	0.69	0.31	0.30	-0.00	0.30	0.21	1.10	1.61	0.37
JWH4_A	0.65	0.51	0.11	0.15	0.53	0.45	0.75	0.43	0.30	-0.00	0.10	1.50	1.47	0.69
JWH6_A	0.47	0.34	0.05	0.25	0.39	0.41	0.59	0.33	0.21	0.10	-0.00	1.39	1.61	0.47
KFD2_A	0.80	0.80	1.56	1.15	1.10	0.75	0.92	1.25	1.10	1.50	1.39	-0.00	-0.00	0.51
KHA7_A	1.10	1.87	1.47	1.54	1.25	1.03	1.39	1.03	1.61	1.47	1.61	-0.00	-0.00	0.81
LJC9_A	-0.00	0.51	0.63	0.47	0.41	0.69	0.54	0.37	0.37	0.69	0.47	0.51	0.81	-0.00
cactus9	NC_031969.f5.masked.mod: 9561327 - 9648450	length: 87123	(frames 19099-19429 l=330) 	score=4464.5
AUE7_A	ISA8_A	ISB3_A	IVE8_A	IZC5_A	JBD6_A	JUH9_A	JWG9_A	JWH2_A	JWH4_A	JWH6_A	KFD2_A	KHA7_A	LJC9_A
AUE7_A	-0.00	0.82	0.94	0.97	0.62	0.72	1.09	1.00	1.03	0.95	1.06	0.83	0.86	0.05
ISA8_A	0.82	-0.00	0.30	0.29	0.46	0.39	0.38	0.34	0.37	0.28	0.36	0.44	0.50	0.94
ISB3_A	0.94	0.30	-0.00	0.20	0.53	0.38	0.21	0.27	0.28	0.23	0.18	0.53	0.49	1.09
IVE8_A	0.97	0.29	0.20	-0.00	0.55	0.46	0.22	0.27	0.23	0.17	0.21	0.51	0.55	1.13
IZC5_A	0.62	0.46	0.53	0.55	-0.00	0.42	0.60	0.50	0.53	0.45	0.48	0.49	0.52	0.79
JBD6_A	0.72	0.39	0.38	0.46	0.42	-0.00	0.41	0.47	0.43	0.42	0.38	0.38	0.39	0.89
JUH9_A	1.09	0.38	0.21	0.22	0.60	0.41	-0.00	0.27	0.27	0.27	0.21	0.58	0.55	1.19
JWG9_A	1.00	0.34	0.27	0.27	0.50	0.47	0.27	-0.00	0.34	0.30	0.28	0.48	0.46	1.18
JWH2_A	1.03	0.37	0.28	0.23	0.53	0.43	0.27	0.34	-0.00	0.25	0.31	0.54	0.53	1.17
JWH4_A	0.95	0.28	0.23	0.17	0.45	0.42	0.27	0.30	0.25	-0.00	0.20	0.46	0.48	1.17
JWH6_A	1.06	0.36	0.18	0.21	0.48	0.38	0.21	0.28	0.31	0.20	-0.00	0.51	0.48	1.21
KFD2_A	0.83	0.44	0.53	0.51	0.49	0.38	0.58	0.48	0.54	0.46	0.51	-0.00	0.08	0.96
KHA7_A	0.86	0.50	0.49	0.55	0.52	0.39	0.55	0.46	0.53	0.48	0.48	0.08	-0.00	0.99
LJC9_A	0.05	0.94	1.09	1.13	0.79	0.89	1.19	1.18	1.17	1.17	1.21	0.96	0.99	-0.00
cactus7	NC_031969.f5.masked.mod: 9648451 - 9826241	length: 177790	(frames 19430-20238 l=808) 	score=1914.32
AUE7_A	ISA8_A	ISB3_A	IVE8_A	IZC5_A	JBD6_A	JUH9_A	JWG9_A	JWH2_A	JWH4_A	JWH6_A	KFD2_A	KHA7_A	LJC9_A
AUE7_A	-0.00	0.67	0.80	0.81	0.52	0.62	0.79	0.82	0.79	0.77	0.76	0.76	0.76	0.06
ISA8_A	0.67	-0.00	0.41	0.40	0.45	0.43	0.36	0.37	0.38	0.41	0.36	0.48	0.49	0.74
ISB3_A	0.80	0.41	-0.00	0.35	0.55	0.54	0.31	0.35	0.39	0.42	0.28	0.63	0.61	0.90
IVE8_A	0.81	0.40	0.35	-0.00	0.48	0.50	0.35	0.35	0.29	0.23	0.38	0.66	0.64	0.93
IZC5_A	0.52	0.45	0.55	0.48	-0.00	0.45	0.57	0.54	0.53	0.48	0.51	0.53	0.51	0.59
JBD6_A	0.62	0.43	0.54	0.50	0.45	-0.00	0.52	0.51	0.48	0.52	0.46	0.52	0.50	0.69
JUH9_A	0.79	0.36	0.31	0.35	0.57	0.52	-0.00	0.32	0.36	0.35	0.43	0.60	0.60	0.95
JWG9_A	0.82	0.37	0.35	0.35	0.54	0.51	0.32	-0.00	0.34	0.36	0.35	0.65	0.65	0.87
JWH2_A	0.79	0.38	0.39	0.29	0.53	0.48	0.36	0.34	-0.00	0.31	0.40	0.60	0.61	0.84
JWH4_A	0.77	0.41	0.42	0.23	0.48	0.52	0.35	0.36	0.31	-0.00	0.34	0.65	0.60	0.90
JWH6_A	0.76	0.36	0.28	0.38	0.51	0.46	0.43	0.35	0.40	0.34	-0.00	0.60	0.61	0.88
KFD2_A	0.76	0.48	0.63	0.66	0.53	0.52	0.60	0.65	0.60	0.65	0.60	-0.00	0.10	0.91
KHA7_A	0.76	0.49	0.61	0.64	0.51	0.50	0.60	0.65	0.61	0.60	0.61	0.10	-0.00	0.90
LJC9_A	0.06	0.74	0.90	0.93	0.59	0.69	0.95	0.87	0.84	0.90	0.88	0.91	0.90	-0.00
cactus1	NC_031969.f5.masked.mod: 9827120 - 9861673	length: 34553	(frames 20239-20358 l=119) 	score=12978.1
AUE7_A	ISA8_A	ISB3_A	IVE8_A	IZC5_A	JBD6_A	JUH9_A	JWG9_A	JWH2_A	JWH4_A	JWH6_A	KFD2_A	KHA7_A	LJC9_A
AUE7_A	-0.00	1.31	1.29	1.05	0.69	0.92	1.44	1.21	1.07	1.15	1.06	1.29	1.25	-0.00
ISA8_A	1.31	-0.00	0.07	0.12	0.68	0.41	0.10	0.19	0.09	0.13	0.20	0.35	0.42	1.38
ISB3_A	1.29	0.07	-0.00	0.11	0.61	0.39	0.13	0.25	0.10	0.13	0.17	0.34	0.47	1.29
IVE8_A	1.05	0.12	0.11	-0.00	0.58	0.32	0.12	0.18	0.05	0.02	0.18	0.29	0.37	1.17
IZC5_A	0.69	0.68	0.61	0.58	-0.00	0.39	0.85	0.65	0.56	0.59	0.70	0.55	0.59	0.68
JBD6_A	0.92	0.41	0.39	0.32	0.39	-0.00	0.50	0.38	0.33	0.30	0.29	0.34	0.37	0.92
JUH9_A	1.44	0.10	0.13	0.12	0.85	0.50	-0.00	0.15	0.10	0.12	0.19	0.40	0.42	1.57
JWG9_A	1.21	0.19	0.25	0.18	0.65	0.38	0.15	-0.00	0.16	0.16	0.23	0.52	0.47	1.35
JWH2_A	1.07	0.09	0.10	0.05	0.56	0.33	0.10	0.16	-0.00	0.06	0.13	0.28	0.32	1.11
JWH4_A	1.15	0.13	0.13	0.02	0.59	0.30	0.12	0.16	0.06	-0.00	0.16	0.32	0.33	1.21
JWH6_A	1.06	0.20	0.17	0.18	0.70	0.29	0.19	0.23	0.13	0.16	-0.00	0.44	0.47	1.08
KFD2_A	1.29	0.35	0.34	0.29	0.55	0.34	0.40	0.52	0.28	0.32	0.44	-0.00	0.05	1.36
KHA7_A	1.25	0.42	0.47	0.37	0.59	0.37	0.42	0.47	0.32	0.33	0.47	0.05	-0.00	1.29
LJC9_A	-0.00	1.38	1.29	1.17	0.68	0.92	1.57	1.35	1.11	1.21	1.08	1.36	1.29	-0.00
cactus7	NC_031969.f5.masked.mod: 9861822 - 10203396	length: 341574	(frames 20359-21801 l=1442) 	score=1165.75
AUE7_A	ISA8_A	ISB3_A	IVE8_A	IZC5_A	JBD6_A	JUH9_A	JWG9_A	JWH2_A	JWH4_A	JWH6_A	KFD2_A	KHA7_A	LJC9_A
AUE7_A	-0.00	0.79	0.88	0.84	0.55	0.67	0.89	0.78	0.76	0.84	0.82	0.75	0.80	0.08
ISA8_A	0.79	-0.00	0.27	0.35	0.48	0.43	0.34	0.35	0.36	0.34	0.36	0.45	0.46	0.94
ISB3_A	0.88	0.27	-0.00	0.29	0.50	0.47	0.26	0.33	0.34	0.32	0.23	0.49	0.53	0.99
IVE8_A	0.84	0.35	0.29	-0.00	0.53	0.48	0.33	0.32	0.37	0.23	0.34	0.56	0.55	1.02
IZC5_A	0.55	0.48	0.50	0.53	-0.00	0.43	0.56	0.53	0.50	0.55	0.54	0.46	0.51	0.67
JBD6_A	0.67	0.43	0.47	0.48	0.43	-0.00	0.50	0.49	0.45	0.46	0.48	0.43	0.42	0.72
JUH9_A	0.89	0.34	0.26	0.33	0.56	0.50	-0.00	0.30	0.33	0.33	0.36	0.59	0.57	1.04
JWG9_A	0.78	0.35	0.33	0.32	0.53	0.49	0.30	-0.00	0.28	0.38	0.34	0.53	0.55	0.93
JWH2_A	0.76	0.36	0.34	0.37	0.50	0.45	0.33	0.28	-0.00	0.35	0.35	0.53	0.55	0.92
JWH4_A	0.84	0.34	0.32	0.23	0.55	0.46	0.33	0.38	0.35	-0.00	0.33	0.52	0.55	0.97
JWH6_A	0.82	0.36	0.23	0.34	0.54	0.48	0.36	0.34	0.35	0.33	-0.00	0.55	0.58	0.95
KFD2_A	0.75	0.45	0.49	0.56	0.46	0.43	0.59	0.53	0.53	0.52	0.55	-0.00	0.09	0.89
KHA7_A	0.80	0.46	0.53	0.55	0.51	0.42	0.57	0.55	0.55	0.55	0.58	0.09	-0.00	0.94
LJC9_A	0.08	0.94	0.99	1.02	0.67	0.72	1.04	0.93	0.92	0.97	0.95	0.89	0.94	-0.00
cactus5	NC_031969.f5.masked.mod: 10203749 - 10204098	length: 349	(frames 21802-21810 l=8) 	score=186944
AUE7_A	ISA8_A	ISB3_A	IVE8_A	IZC5_A	JBD6_A	JUH9_A	JWG9_A	JWH2_A	JWH4_A	JWH6_A	KFD2_A	KHA7_A	LJC9_A
AUE7_A	-0.00	-0.00	-0.00	-0.00	0.29	-0.00	-0.00	-0.00	-0.00	-0.00	-0.00	1.95	1.95	-0.00
ISA8_A	-0.00	-0.00	-0.00	-0.00	0.41	-0.00	-0.00	-0.00	-0.00	-0.00	-0.00	2.20	2.20	-0.00
ISB3_A	-0.00	-0.00	-0.00	-0.00	0.69	-0.00	-0.00	-0.00	-0.00	-0.00	-0.00	1.61	1.61	-0.00
IVE8_A	-0.00	-0.00	-0.00	-0.00	0.41	-0.00	-0.00	-0.00	-0.00	-0.00	-0.00	2.20	2.20	-0.00
IZC5_A	0.29	0.41	0.69	0.41	-0.00	0.51	0.41	0.51	0.41	0.41	0.41	1.10	1.10	0.51
JBD6_A	-0.00	-0.00	-0.00	-0.00	0.51	-0.00	-0.00	-0.00	-0.00	-0.00	-0.00	1.95	1.95	-0.00
JUH9_A	-0.00	-0.00	-0.00	-0.00	0.41	-0.00	-0.00	-0.00	-0.00	-0.00	-0.00	1.39	1.39	-0.00
JWG9_A	-0.00	-0.00	-0.00	-0.00	0.51	-0.00	-0.00	-0.00	-0.00	-0.00	-0.00	2.08	2.08	-0.00
JWH2_A	-0.00	-0.00	-0.00	-0.00	0.41	-0.00	-0.00	-0.00	-0.00	-0.00	-0.00	2.20	2.20	-0.00
JWH4_A	-0.00	-0.00	-0.00	-0.00	0.41	-0.00	-0.00	-0.00	-0.00	-0.00	-0.00	2.20	2.20	-0.00
JWH6_A	-0.00	-0.00	-0.00	-0.00	0.41	-0.00	-0.00	-0.00	-0.00	-0.00	-0.00	2.20	2.20	-0.00
KFD2_A	1.95	2.20	1.61	2.20	1.10	1.95	1.39	2.08	2.20	2.20	2.20	-0.00	-0.00	2.08
KHA7_A	1.95	2.20	1.61	2.20	1.10	1.95	1.39	2.08	2.20	2.20	2.20	-0.00	-0.00	2.08
LJC9_A	-0.00	-0.00	-0.00	-0.00	0.51	-0.00	-0.00	-0.00	-0.00	-0.00	-0.00	2.08	2.08	-0.00
cactus7	NC_031969.f5.masked.mod: 10204278 - 10254206	length: 49928	(frames 21811-22052 l=241) 	score=7042.64
AUE7_A	ISA8_A	ISB3_A	IVE8_A	IZC5_A	JBD6_A	JUH9_A	JWG9_A	JWH2_A	JWH4_A	JWH6_A	KFD2_A	KHA7_A	LJC9_A
AUE7_A	-0.00	0.66	0.76	0.63	0.48	0.59	0.66	0.69	0.65	0.71	0.80	0.64	0.64	0.08
ISA8_A	0.66	-0.00	0.38	0.50	0.50	0.41	0.29	0.34	0.36	0.39	0.31	0.48	0.49	0.78
ISB3_A	0.76	0.38	-0.00	0.43	0.56	0.47	0.38	0.26	0.33	0.47	0.26	0.66	0.64	0.92
IVE8_A	0.63	0.50	0.43	-0.00	0.50	0.43	0.44	0.45	0.38	0.25	0.44	0.58	0.59	0.73
IZC5_A	0.48	0.50	0.56	0.50	-0.00	0.38	0.51	0.51	0.42	0.46	0.48	0.41	0.54	0.69
JBD6_A	0.59	0.41	0.47	0.43	0.38	-0.00	0.40	0.41	0.43	0.38	0.43	0.42	0.40	0.62
JUH9_A	0.66	0.29	0.38	0.44	0.51	0.40	-0.00	0.32	0.38	0.32	0.36	0.48	0.49	0.73
JWG9_A	0.69	0.34	0.26	0.45	0.51	0.41	0.32	-0.00	0.29	0.35	0.27	0.49	0.50	0.72
JWH2_A	0.65	0.36	0.33	0.38	0.42	0.43	0.38	0.29	-0.00	0.34	0.37	0.50	0.52	0.71
JWH4_A	0.71	0.39	0.47	0.25	0.46	0.38	0.32	0.35	0.34	-0.00	0.40	0.52	0.51	0.82
JWH6_A	0.80	0.31	0.26	0.44	0.48	0.43	0.36	0.27	0.37	0.40	-0.00	0.57	0.60	0.93
KFD2_A	0.64	0.48	0.66	0.58	0.41	0.42	0.48	0.49	0.50	0.52	0.57	-0.00	0.18	0.73
KHA7_A	0.64	0.49	0.64	0.59	0.54	0.40	0.49	0.50	0.52	0.51	0.60	0.18	-0.00	0.76
LJC9_A	0.08	0.78	0.92	0.73	0.69	0.62	0.73	0.72	0.71	0.82	0.93	0.73	0.76	-0.00
cactus5	NC_031969.f5.masked.mod: 10254429 - 10256436	length: 2007	(frames 22053-22057 l=4) 	score=340943
AUE7_A	ISA8_A	ISB3_A	IVE8_A	IZC5_A	JBD6_A	JUH9_A	JWG9_A	JWH2_A	JWH4_A	JWH6_A	KFD2_A	KHA7_A	LJC9_A
AUE7_A	-0.00	-0.00	0.29	-0.00	0.92	0.51	-0.00	-0.00	-0.00	-0.00	-0.00	1.39	1.10	-0.00
ISA8_A	-0.00	-0.00	0.29	-0.00	0.92	0.51	-0.00	-0.00	-0.00	-0.00	-0.00	1.39	1.10	-0.00
ISB3_A	0.29	0.29	-0.00	0.29	0.69	1.39	0.41	0.29	0.29	0.29	0.29	1.10	0.69	0.41
IVE8_A	-0.00	-0.00	0.29	-0.00	0.92	0.51	-0.00	-0.00	-0.00	-0.00	-0.00	1.39	1.10	-0.00
IZC5_A	0.92	0.92	0.69	0.92	-0.00	0.92	1.10	0.92	0.92	0.92	0.92	0.69	0.41	1.39
JBD6_A	0.51	0.51	1.39	0.51	0.92	-0.00	1.10	0.51	0.51	0.51	0.51	0.69	1.10	0.29
JUH9_A	-0.00	-0.00	0.41	-0.00	1.10	1.10	-0.00	-0.00	-0.00	-0.00	-0.00	0.69	-0.00	-0.00
JWG9_A	-0.00	-0.00	0.29	-0.00	0.92	0.51	-0.00	-0.00	-0.00	-0.00	-0.00	1.39	1.10	-0.00
JWH2_A	-0.00	-0.00	0.29	-0.00	0.92	0.51	-0.00	-0.00	-0.00	-0.00	-0.00	1.39	1.10	-0.00
JWH4_A	-0.00	-0.00	0.29	-0.00	0.92	0.51	-0.00	-0.00	-0.00	-0.00	-0.00	1.39	1.10	-0.00
JWH6_A	-0.00	-0.00	0.29	-0.00	0.92	0.51	-0.00	-0.00	-0.00	-0.00	-0.00	1.39	1.10	-0.00
KFD2_A	1.39	1.39	1.10	1.39	0.69	0.69	0.69	1.39	1.39	1.39	1.39	-0.00	0.41	1.10
KHA7_A	1.10	1.10	0.69	1.10	0.41	1.10	-0.00	1.10	1.10	1.10	1.10	0.41	-0.00	0.69
LJC9_A	-0.00	-0.00	0.41	-0.00	1.39	0.29	-0.00	-0.00	-0.00	-0.00	-0.00	1.10	0.69	-0.00
cactus8	NC_031969.f5.masked.mod: 10257285 - 10299225	length: 41940	(frames 22058-22222 l=164) 	score=10416.8
AUE7_A	ISA8_A	ISB3_A	IVE8_A	IZC5_A	JBD6_A	JUH9_A	JWG9_A	JWH2_A	JWH4_A	JWH6_A	KFD2_A	KHA7_A	LJC9_A
AUE7_A	-0.00	0.91	0.94	0.99	0.79	0.81	0.93	0.91	1.05	1.04	0.87	1.08	0.99	0.02
ISA8_A	0.91	-0.00	0.27	0.31	0.46	0.31	0.19	0.20	0.24	0.27	0.24	0.53	0.58	1.13
ISB3_A	0.94	0.27	-0.00	0.20	0.47	0.25	0.28	0.22	0.28	0.25	0.14	0.46	0.63	0.98
IVE8_A	0.99	0.31	0.20	-0.00	0.50	0.27	0.24	0.20	0.21	0.16	0.26	0.44	0.56	1.09
IZC5_A	0.79	0.46	0.47	0.50	-0.00	0.35	0.43	0.51	0.47	0.49	0.46	0.48	0.52	0.84
JBD6_A	0.81	0.31	0.25	0.27	0.35	-0.00	0.32	0.35	0.31	0.39	0.29	0.41	0.50	0.96
JUH9_A	0.93	0.19	0.28	0.24	0.43	0.32	-0.00	0.18	0.21	0.27	0.21	0.54	0.63	1.09
JWG9_A	0.91	0.20	0.22	0.20	0.51	0.35	0.18	-0.00	0.14	0.25	0.18	0.48	0.57	1.03
JWH2_A	1.05	0.24	0.28	0.21	0.47	0.31	0.21	0.14	-0.00	0.26	0.26	0.48	0.55	1.10
JWH4_A	1.04	0.27	0.25	0.16	0.49	0.39	0.27	0.25	0.26	-0.00	0.25	0.49	0.53	1.20
JWH6_A	0.87	0.24	0.14	0.26	0.46	0.29	0.21	0.18	0.26	0.25	-0.00	0.47	0.49	1.05
KFD2_A	1.08	0.53	0.46	0.44	0.48	0.41	0.54	0.48	0.48	0.49	0.47	-0.00	0.08	1.31
KHA7_A	0.99	0.58	0.63	0.56	0.52	0.50	0.63	0.57	0.55	0.53	0.49	0.08	-0.00	1.11
LJC9_A	0.02	1.13	0.98	1.09	0.84	0.96	1.09	1.03	1.10	1.20	1.05	1.31	1.11	-0.00
cactus5	NC_031969.f5.masked.mod: 10299319 - 10302984	length: 3665	(frames 22223-22233 l=10) 	score=156338
AUE7_A	ISA8_A	ISB3_A	IVE8_A	IZC5_A	JBD6_A	JUH9_A	JWG9_A	JWH2_A	JWH4_A	JWH6_A	KFD2_A	KHA7_A	LJC9_A
AUE7_A	-0.00	0.45	0.36	0.32	-0.00	0.20	0.45	0.36	0.36	0.32	0.41	1.30	1.10	0.12
ISA8_A	0.45	-0.00	-0.00	0.10	0.29	0.20	-0.00	0.11	0.22	0.10	0.12	2.40	2.20	0.81
